10_db:
  max: 987.8829412555757
  mean: 971.9950906384787
  min: 948.0702006589476
  std: 12.383108926483432
entire_db:
  max: 987.8829412555757
  mean: 971.9950906384787
  min: 948.0702006589476
  std: 12.383108926483432
