10_db:
  max: 975.7753137047513
  mean: 915.241459426041
  min: 793.1204342710965
  std: 46.0285171935866
entire_db:
  max: 975.7753137047513
  mean: 915.241459426041
  min: 793.1204342710965
  std: 46.0285171935866
