10_db:
  max: 960.8159340303628
  mean: 895.1677335078414
  min: 715.1235078087084
  std: 69.03978800848992
entire_db:
  max: 960.8159340303628
  mean: 895.1677335078414
  min: 715.1235078087084
  std: 69.03978800848992
