10_db:
  max: 923.2718817670644
  mean: 915.0147096492043
  min: 900.8504571584408
  std: 7.484460129545042
entire_db:
  max: 923.2718817670644
  mean: 915.0147096492043
  min: 900.8504571584408
  std: 7.484460129545042
