10_db:
  max: 988.3317680408381
  mean: 961.7092354910228
  min: 902.1109977501687
  std: 26.342228984626313
entire_db:
  max: 988.3317680408381
  mean: 961.7092354910228
  min: 902.1109977501687
  std: 26.342228984626313
