10_db:
  max: 786.4200505344537
  mean: 772.8168500693253
  min: 758.5908842559692
  std: 7.388079600070885
entire_db:
  max: 786.4200505344537
  mean: 772.8168500693253
  min: 758.5908842559692
  std: 7.388079600070885
