10_db:
  max: 891.6116171942972
  mean: 863.9976929553428
  min: 800.5720062814106
  std: 30.580357305390876
entire_db:
  max: 891.6116171942972
  mean: 863.9976929553428
  min: 800.5720062814106
  std: 30.580357305390876
