10_db:
  max: 992.2195716209416
  mean: 977.1761525245536
  min: 953.0146078320521
  std: 11.226961931843169
entire_db:
  max: 992.2195716209416
  mean: 977.1761525245536
  min: 953.0146078320521
  std: 11.226961931843169
