10_db:
  max: 916.9208897890705
  mean: 911.5609515809072
  min: 906.0240727312323
  std: 3.493034313211447
entire_db:
  max: 916.9208897890705
  mean: 911.5609515809072
  min: 906.0240727312323
  std: 3.493034313211447
