10_db:
  max: 262.33128464737996
  mean: 232.78514719115955
  min: 0.0
  std: 77.62425351211675
entire_db:
  max: 262.33128464737996
  mean: 232.78514719115955
  min: 0.0
  std: 77.62425351211675
